# Redshift
12.00
11.67
11.34
11.03
10.72
10.42
10.13
9.84
9.57
9.30
9.03
8.78
8.53
8.28
8.05
7.81
7.59
7.37
7.15
6.95
6.74
6.54
6.35
6.16
5.98
5.80
5.63
5.46
5.29
5.13
4.98
4.82
4.67
4.53
4.39
4.25
4.12
3.98
3.86
3.73
3.61
3.49
3.38
3.27
3.16
3.05
2.95
2.85
2.75
2.65
2.56
2.47
2.38
2.29
2.21
2.13
2.05
1.97
1.89
1.82
1.75
1.68
1.61
1.54
1.48
1.41
1.35
1.29
1.23
1.18
1.12
1.07
1.01
0.96
0.91
0.86
0.81
0.77
0.72
0.68
0.64
0.59
0.55
0.51
0.47
0.44
0.40
0.36
0.33
0.30
0.26
0.23
0.20
0.17
0.14
0.11
0.08
0.05
0.03
0.00
